2
3
3
2
7
1
5
4
6
6
7
6
5
5
1
8
5
2
4
3
4
4
4
4
3
2
3
3
6
5
6
6
6
273
6
2
4
4
2
142
4
5
7
4
2
3
6
9
7
4
7
1
6
158
2
7
7
4
4
21
6
5
4
3
1
2
3
6
3
7
7
8
5
7
160
6
3
5
3
5
10
2
5
5
3
6
6
4
370
6
5
5
1
4
5
6
3
1
3
4
4
5
8
7
14
10
5
95
2
6
46
7
3
3
3
3
5
4
3
10
4
7
5
8
4
3
8
2
5
12
4
1
3
2
6
19
6
1866
5
7
7
3
8
5
5
6
6
5
11
2
5
3
2
4
6
5
3
3
10
2
4
4
8
5
4
3
1
3
6
5
3
5
230
9
5
1
4
5
6
5
1472
6
3
4
1
5
80
4
0
6
8
2
6
10
4
5
4
8
1
4
6
2
7
3
6
4
4
2
2
3
3
7
3
2
4
5
12
8
188
4
4
1
6
5
596
5
2
8
2
5
4
5
24
5
2
8
15
4
3
4
75
3
4
5
7
7
5
5
5
4
5
6
7
5
8
5
3
5
2
5
3
5
4
7
5
2
6
6
4
10
8
1
1
7
4
5
8
3
5
7
5
2
3
2
4
3
11
3
3
265
4
3
4
14
3
3
2
4
3
3
3
8
5
5
6
6
5
6
4
6
9
3
5
6
2
3
5
5
6
4
5
9
4
5
4
6
3
1
4
4
4
2
4
5
2
7
5
3
6
5
4
3
8
3
2
3
4
4
4
4
4
7
1
4
4
6
6
3
4
3
10
5
4
3
4
2
3
3
3
8
6
3
8
5
5
6
7
6
24
7
5
2
6
19
0
3
3
6
1
6
5
4
2
5
4
6
5
7
7
2
1
6
4
5
9
4
6
4
4
1
4
3
7
4
9
3
3
7
2
1
4
7
4
5
10
6
6
3
3
2
5
4
7
7
4
7
3
2
4
6
5
2
2
3
6
3
3
4
5
6
3
4
8
5
6
7
8
5
4
6
2
3
3
2
2
2
7
0
4
3
3
1
5
8
3
6
4
5
5
1
9
3
3
2
5
6
4
7
6
5
2
2
6
5
3
5
5
7
1
5
5
3
3
2
6
4
101
3
4
3
5
7
4
5
6
3
2
3
2
13
7
2
109
5
4
4
4
4
2
7
2
2
6
7
5
1
8
4
10
3
4
6
3
5
5
11
1306
5
7
6
4
4
2
3
3
3
3
8
3
4
3
6
5
1
6
5
1
3
4
4
3
2
4
9
1
4
4
29
32
8
5
5
7
2
3
2
2
8
3
4
2
1
1
6
7
2
4
7
4
3
1
3
7
6
3
4
7
3
4
127
3
3
4
5
8
9
6
2
5
5
8
5
3
868
6
5
2
51
5
5
9
4
4
5
97
4
4
1
5
348
6
6
8
3
3
3
13
4
4
3
3
4
3
13
2
13
3
6
6
3
5
3
3
1
2
4
3
4
5
4
24
4
2
3
0
4
5
5
5
2
2
2
448
7
5
8
4
5
6
3
0
6
4
2
2
7
6
6
1
98
2
6
12
2
6
5
4
6
3
22
5
12
3
4
5
8
5
0
6
3
6
3
8
5
4
2
559
3
8
8
1140
13
5
5
2
3
13
2
3
4
1
4
3
33
5
5
2
4
4
5
1
3
4
7
62
5
4
3
5
3
2
5
4
2
4
4
2
7
5
